<?xml version="1.0"?>
<opencv_storage>
<mtx type_id="opencv-matrix">
  <rows>3</rows>
  <cols>3</cols>
  <dt>d</dt>
  <data>
    1438.0533803629055 0. 955.30946636861802 0. 1432.4899690335567
    504.76603437879265 0. 0. 1.</data></mtx>
<dist type_id="opencv-matrix">
  <rows>1</rows>
  <cols>5</cols>
  <dt>d</dt>
  <data>
    -0.76395039011947685 1.0593470579229989 -0.0024937521762316119
    0.00076364449198486697 -0.9786583424648081</data></dist>
<rvecs type_id="opencv-matrix">
  <rows>17</rows>
  <cols>3</cols>
  <dt>d</dt>
  <data>
    -0.32291708153117765 -1.2672589853409728 -1.5481939221501009
    -1.0972673904947852 0.053152943156853309 -0.82520590604058086
    0.21124270790639837 -0.96376294257176498 -0.83552950431448492
    -0.0074561580599909246 0.09007543087827953 0.84226028615733628
    0.48510358382513474 1.0375047057053093 -0.066386974373002255
    -0.32057202049778932 -0.58370313443032384 -0.041020311626160239
    0.029319119440780434 -0.82147809220854473 -0.31204802941234633
    -0.39841938052638753 0.29876513516487635 0.17394965690017228
    -0.33314583191373398 0.47519391390184046 0.21884780469344201
    -0.057331633439613387 0.20641623367645834 0.0058183864977634087
    -0.65125010014766771 -0.9416725905701967 1.5132483193798767
    0.63982197064413693 1.0473980263050091 1.647945504112118
    -0.21558385725412699 -0.59705268274554413 -0.23100144597171121
    0.16138980272751074 -0.48096362439708445 0.33165017577812927
    0.41504388016937133 0.9898377509759706 -0.28398294425124115
    1.1892322012763783 0.11177169282381039 1.130138209200795
    -0.49474306384953826 0.28545637929510181 0.14847034186620042</data></rvecs>
<tvecs type_id="opencv-matrix">
  <rows>17</rows>
  <cols>3</cols>
  <dt>d</dt>
  <data>
    -112.11956009335347 63.548331955285313 406.58348207447324
    -2.0671127510292315 56.515043573516984 418.48262454891659
    -113.85068437142436 -53.051023210456798 708.60907376062164
    131.60098959977455 -176.87839057520213 641.44241530112822
    65.421494867476099 -233.31560866027698 830.82944543259885
    -32.126069194509867 -61.890848360491376 324.72371789174633
    -320.89421711459858 -150.77206445154565 934.5092975549984
    -153.62620849148169 -283.59190378457538 999.54816912464673
    -117.02123979820919 -74.508972797207178 358.75592176566443
    -192.65222094308007 -73.097401919981422 394.64770345288383
    -60.011038540595401 -128.29928611365136 857.00714576466271
    131.92182021514071 -103.50570581428272 452.233394004329
    -54.189117116450845 -61.215356247030542 287.08750913200555
    -46.545142786266808 -130.69686814876471 499.40504528293218
    -83.361702401394936 -48.342607552457729 604.55877483175107
    -30.961766882334246 -44.971137581693483 290.22573613509104
    -202.39613031222183 -95.30273305539211 707.797781891873</data></tvecs>
</opencv_storage>
